7.706806864693214893e+08
8.361547041714715958e+08
8.647089669759280682e+08
7.923627096989430189e+08
7.928277410287857056e+08
7.625778637321745157e+08
7.484355136261674166e+08
7.896256118650233746e+08
8.148989291250017881e+08
8.470239995226595402e+08
9.251208924688037634e+08
8.835291588898251057e+08
7.543916810358793736e+08
7.881857689311007261e+08
9.087221225767775774e+08
6.977260431557625532e+08
6.848436471623060703e+08
8.192480316916716099e+08
8.042021030384079218e+08
7.126987833318479061e+08
8.344442884922677279e+08
8.716820206306977272e+08
9.498451700658658743e+08
7.078640391173820496e+08
7.517995467671630383e+08
7.776553313805819750e+08
6.944652816377896070e+08
7.036067132818402052e+08
8.281034816784459352e+08
7.300368166167799234e+08
7.531003598288856745e+08
7.782596931092612743e+08
7.654608165636973381e+08
8.767136357929898500e+08
8.638043575951054096e+08
7.084727828817669153e+08
7.064010265832829475e+08
7.315409086088677645e+08
8.812090447799131870e+08
9.292448171186981201e+08
8.317219223638298512e+08
7.069016153505011797e+08
7.952698644391760826e+08
8.880460561276023388e+08
8.640125516496231556e+08
8.843700482344350815e+08
8.819665982612657547e+08
7.737989141587210894e+08
8.704008825897431374e+08
8.848679237201478481e+08
9.263791075283342600e+08
7.578267942606005669e+08
7.861280103189798594e+08
7.024814278606398106e+08
7.393718858815114498e+08
7.143625386959632635e+08
7.369003109332653284e+08
7.158281212553827763e+08
7.915815823687311411e+08
9.299574496186408997e+08
7.898121724986312389e+08
7.837395743566894531e+08
7.391250334485329390e+08
7.779529910025663376e+08
8.492482246122951508e+08
7.451911099362839460e+08
8.739329189620625973e+08
9.374076290760661364e+08
9.052025769980287552e+08
7.896161958469829559e+08
8.623975895322743654e+08
8.460136839366226196e+08
7.748788523173737526e+08
8.532289615314674377e+08
9.012802933931865692e+08
8.710964925441704988e+08
8.662160423737738132e+08
8.786843750385124683e+08
8.966871006405547857e+08
8.649483970278816223e+08
7.148059882644022703e+08
7.475459601572890282e+08
6.958656079981271029e+08
8.104380557472573519e+08
7.293417417704455853e+08
7.007898307473323345e+08
7.852268753902916908e+08
7.040189825453931093e+08
7.960277363491593599e+08
7.088644239824965000e+08
7.799564745685329437e+08
8.566735949982519150e+08
7.386198895130629539e+08
7.751681059308481216e+08
7.136753324270615578e+08
8.916551323502211571e+08
8.600212586910930872e+08
8.025210188190157413e+08
7.136835692531059980e+08
7.761955464558954239e+08
8.930788997018485069e+08
8.460156515526751280e+08
8.050712205084905624e+08
8.316678011346281767e+08
8.449771910337231159e+08
7.879716182737195492e+08
8.531056325678459406e+08
7.416274852063992023e+08
8.400029415431739092e+08
8.484130727598414421e+08
8.072217831648281813e+08
8.424851637231245041e+08
7.844655518523209095e+08
7.583761401510113478e+08
7.596371074664292336e+08
8.045306697996116877e+08
7.825303322886341810e+08
7.417088636364794970e+08
8.487926835389522314e+08
9.116601534370626211e+08
8.803403392947212458e+08
7.924429220755530596e+08
8.086491163544677496e+08
6.920275041644550562e+08
8.676726530233893394e+08
7.384547933652013540e+08
9.480466630905125141e+08
8.661461664406019449e+08
8.181599876443364620e+08
8.646766121576867104e+08
8.367569035866570473e+08
8.062007971839280128e+08
7.561397598711766005e+08
7.837248563039060831e+08
7.874568879681701660e+08
7.429802749435640574e+08
8.915300122447000742e+08
7.842178391276955605e+08
8.778708675334981680e+08
8.259892191839005947e+08
7.733193586059981585e+08
7.869070567396737337e+08
7.902510424746245146e+08
8.649552047624166012e+08
8.707421882649116516e+08
7.454747986759413481e+08
6.940529886610221863e+08
8.285456971079952717e+08
7.671124079980189800e+08
8.368344013036978245e+08
7.622558505123293400e+08
7.257361788242022991e+08
6.951490107510818243e+08
7.819029223458660841e+08
7.486950518577522039e+08
7.669735691317067146e+08
8.444923476972690821e+08
7.957370488269076347e+08
9.462675169218240976e+08
8.919750709022488594e+08
7.311066282701332569e+08
8.617228266471453905e+08
8.018801041614491940e+08
7.505327507130669355e+08
7.241759466104332209e+08
8.489192945013771057e+08
8.180319772095258236e+08
8.123318342157359123e+08
7.541434246129524708e+08
8.221487374111547470e+08
7.814924251126841307e+08
8.858220236503155231e+08
7.033640842015782595e+08
8.308171486497061253e+08
6.899594379692821503e+08
7.342606970388965607e+08
7.728407610241618156e+08
8.684912208012396097e+08
8.120356446889766455e+08
9.080015988189421892e+08
9.084982724987533092e+08
8.086370470995815992e+08
8.681637096296701431e+08
9.040206893208622932e+08
8.233686705210711956e+08
9.224638244119405746e+08
9.368810557990769148e+08
7.517164861244513988e+08
7.340332428547031879e+08
7.382673317512419224e+08
9.317926531313531399e+08
9.078801337530041933e+08
7.433353954120832682e+08
7.017671532520346642e+08
6.991491376780233383e+08
8.189519073442472219e+08
7.630145112137763500e+08
7.419037196298022270e+08
8.728041321221348047e+08
7.260457865138813257e+08

